0000000000001111
0000000000000000
0000000000000000
0000000000000000
0000000000000000
0000000000000000
0000000000000000
0000000000000110
0000000000000101
0000000000000001
0000000000000001
1111000010000010
1111000010000011
1111000010000000
1111000010000001
0000000000000101
0000000000000101
0000000000000001
0000000000000001
1111000010001010
1111000010001011
1111000010001000
1111000010001001
0000000000000101
0000000000000101
0000000000000001
0000000000000001
1111000010010010
1111000010010011
1111000010010000
1111000010010001
0000000000000101
0000000000000101
0000000000000001
0000000000000001
1111000010011010
1111000010011011
1111000010011000
1111000010011001
0000000000000101
0000000000000101
0000000000000001
0000000000000001
1111000010100010
1111000010100011
1111000010100000
1111000010100001
0000000000000101
0000000000000101
0000000000000001
0000000000000001
1111000010101010
1111000010101011
1111000010101000
1111000010101001
0000000000000101
0000000000000101
0000000000000001
0000000000000001
1111000010110010
1111000010110011
1111000010110000
1111000010110001
0000000000000101
0000000000000101
0000000000000001
0000000000000001
1111000010111010
1111000010111011
1111000010111000
1111000010111001
0000000000000101
0000000000000101
0000000000000001
0000000000000001
1111000011000010
1111000011000011
1111000011000000
1111000011000001
0000000000000101
0000000000000101
0000000000000001
0000000000000001
1111000011001010
1111000011001011
1111000011001000
1111000011001001
0000000000000101
0000000000000101
0000000000000001
0000000000000001
1111000011010010
1111000011010011
1111000011010000
1111000011010001
0000000000000101
0000000000000101
0000000000000001
0000000000000001
1111000011011010
1111000011011011
1111000011011000
1111000011011001
0000000000000101
0000000000000101
0000000000000001
