0 100 00 11
0 100 00 11
0 100 00 11
0 100 00 11
0 100 00 11
0 100 00 11
0 100 00 10
0 100 01 11
0 100 01 11
0 100 01 11
0 100 01 11
0 100 01 11
0 100 01 11
0 100 01 11
0 100 01 11
0 100 01 11
0 100 01 11
0 100 01 10
 
0 011 11 00
 
0 011 00 00
1 011 10 10
0 101 10 01
0 110 10 11
1 101 00 00
1 110 11 00
0 010 01 11
 
1 110 11 01
0 010 01 01
0 101 10 01
1 111 10 01
1 011 11 01
1 010 01 01
 
1 110 11 00
0 010 01 11
0 011 00 00
1 011 10 11
0 101 10 00
0 011 01 00
0 000 01 01
1 110 11 01
1 110 11 00
0 010 01 11
0 010 01 01
1 100 00 10
1 110 11 01
0 010 01 11
0 101 01 01
 
1 101 10 10
1 110 11 00
0 010 01 11
0 100 01 01
1 000 01 00
1 110 11 01
0 010 00 11
1 000 10 00
0 101 01 01
 
1 101 10 10
0 100 01 01
1 110 11 00
0 010 00 11
1 000 10 00
0 101 01 01
 
0 000 00 00
