0 100 00 01
0 100 01 01
0 011 00 00	
0 100 10 11
0 100 10 10
0 100 11 11
0 100 11 11
0 100 11 11
0 100 11 11
0 100 11 11
0 100 11 10    	

1 111 00 00
0 010 01 11                                         	
 
1 110 11 10
0 010 01 00                 	
1 001 01 00
0 101 10 10
0 010 10 00
 
1 101 11 01
1 111 00 00
0 010 01 11                                         	
1 100 01 11
1 001 11 01
0 010 00 11
1 101 01 11
0 010 01 11

0 100 10 11
0 100 10 10
1 111 00 00
0 010 01 01     	
1 011 01 10
1 101 00 00
1 001 00 01
0 101 01 01
 
1 000 01 00
0 000 00 00
