0000000000000001
0000000000000000
0000000000000011
0000000000011011
0000000000011001
0000000000100011
0000000100100011
0000000100110101
0000000100110001
0000000000000010
0000000100111011
0000000101001101
0000000101010111
0000000000000000
0000000101011011
0000000000000000
0000000101100001
0000000101101001
0000000001101000
0000000100001101
0000000000000000
0000000000000110
0000000101111101
0000000110011111
0000000000000000
0000000110100011
0000000110101001
0000000000000000
0000000110110001
0000000110111101
0000000111000111
0000000000000010
0000000111001011
0000000111001001
0000000111010101
0000000111011001
0000000111100001
0000000111101101
0000000111110101
0000000111110001
0000000111111011
0000000000000100
0000001000001101
0000000000000110
0000000000101111
0000000001110111
0000000001111001
0000000010000101
0000000000000100
0000000010001101
0000000010010011
0000000010010001
0000000010011011
0000000000000000
0000000000000110
0000000000000000
0000000000000000
0000000000000110
0000000000000000
0000000000000110
0000000110000011
0000000110001011
0000000001010001
0000000010100101
0000000010100001
0000000010101011
0000000000000000
0000000010110011
0000000010111001
0000000000000011
0000000000000001
0000000000001101
0000000000101101
0000000000101001
0000000000110011
0000000000000000
0000000000111011
0000000001000101
0000000001000001
0000000000000000
0000000001001001
0000000001010101
0000000001011111
0000000000000010
0000000001100011
0000000001100001
0000000000000000
0000000000000101
0000000000000100
0000000000010101
0000000000010001
0000000011000011
0000000011000001
0000000011010101
0000000011011001
0000000000000000
0000000011100011
0000000000000000
0000000011101001
0000000011110111
0000000011111101
0000000000000000
0000000100000001
0000000100001011
0000000100001001
0000000100010011
